15,89,66,89,66,118,15,118,ĐẢNG
68,93,91,93,91,117,68,117,VÀ
94,94,124,94,124,118,94,118,NHÀ
128,94,168,94,168,118,128,118,NƯỚC
171,95,211,95,211,118,171,118,CHĂM
213,100,230,100,230,119,213,119,LO
233,100,268,100,268,123,233,123,CUỘC
271,97,303,97,303,122,271,122,SỐNG
307,99,339,99,339,122,307,122,NHÂN
342,98,367,98,367,124,342,124,DÂN
59,120,118,120,118,143,59,143,THÔNG
120,124,149,124,149,147,120,147,QUA
152,123,195,123,195,145,152,145,CHÍNH
198,123,235,123,235,145,198,145,SÁCH
237,122,262,122,262,145,237,145,BẢO
265,121,298,121,298,144,265,144,HIỂM
299,125,317,125,317,145,299,145,XÃ
318,124,338,124,338,148,318,148,HỘI
