202,227,470,164,471,271,194,332,Mart
278,319,330,306,335,342,279,349,sống
334,306,375,300,378,328,337,334,của
379,298,427,289,424,323,380,325,mọi
201,190,255,182,256,213,202,223,Cửa
263,173,337,165,334,198,261,210,hàng
340,152,399,147,401,181,341,193,tiện
406,137,456,123,455,160,403,173,ích
121,352,165,342,167,370,124,374,chất
166,341,226,335,223,365,166,368,lượng
428,285,472,277,474,309,427,314,nhà
226,332,274,321,277,352,223,357,cuộc
7,242,189,220,192,338,42,374,Vin
99,357,120,354,120,374,102,374,Vì
