99,35,111,35,111,56,99,56,1.
112,32,132,32,132,54,112,54,Các
133,37,146,37,146,56,133,56,em
149,34,179,34,179,55,149,55,không
182,32,193,32,193,52,182,52,bỏ
195,32,210,32,210,55,195,55,giờ
212,35,228,35,228,54,212,54,học
230,30,262,30,262,52,230,52,xuống
262,31,280,31,280,50,262,50,căn
280,30,295,30,295,49,280,49,tin
296,27,311,27,311,49,296,49,để
310,32,326,32,326,50,310,50,ăn,
329,28,353,28,353,50,329,50,uống
354,29,372,29,372,50,354,50,hay
375,25,397,25,397,50,375,50,ngồi
398,26,421,26,421,50,398,50,chơi,
423,29,442,29,442,46,423,46,như
101,63,120,63,120,83,101,83,vậy
121,63,137,63,137,79,121,79,căn
137,63,153,63,153,78,137,78,tin
154,62,169,62,169,79,154,79,sẽ
166,60,178,60,178,82,166,82,bị
178,61,197,61,197,81,178,81,phê
196,61,224,61,224,79,196,79,bình,
224,58,252,58,252,78,224,78,khiển
254,61,292,61,292,76,254,76,trách...
292,55,314,55,314,79,292,79,TỘI
314,55,338,55,338,78,314,78,CĂN
341,55,365,55,365,76,341,76,TIN.
