71,79,107,79,107,107,71,107,74
111,75,165,75,165,111,111,111,Lũy
171,75,227,75,227,106,171,106,Bán
230,73,300,73,300,105,230,105,Bích
303,72,329,72,329,104,303,104,P.
336,69,389,69,389,101,336,101,Tân
394,70,456,70,456,99,394,99,Thới
461,68,556,68,556,97,461,97,Hòa,Q.
561,64,610,64,610,95,561,95,Tân
616,63,672,63,672,95,616,95,Phú
676,81,686,81,686,98,676,98,,
682,61,719,61,719,93,682,93,TP
726,58,794,58,794,90,726,90,HCM
859,55,910,55,910,87,859,87,ĐT:
913,48,1027,48,1027,85,913,85,(08)6266
1037,50,1106,50,1106,79,1037,79,4222
