168,4,199,4,199,31,168,31,QUAY
200,7,237,7,237,31,200,31,PHIM,
239,7,271,7,271,35,239,35,CHỤP
271,7,302,7,302,35,271,35,ẢNH,
301,6,319,6,319,32,301,32,VẼ
322,10,338,10,338,32,322,32,SƠ
339,4,364,4,364,34,339,34,ĐỒ,
167,37,186,37,186,65,167,65,TỤ
184,37,206,37,206,63,184,63,TẬP
208,37,240,37,240,62,208,62,ĐÔNG
240,38,278,38,278,66,240,66,NGƯỜI
278,38,302,38,302,64,278,64,GÂY
307,38,331,38,331,66,307,66,MẤT
333,42,351,42,351,67,333,67,AN
355,44,387,44,387,69,355,69,NINH,
391,42,420,42,420,71,391,71,TRẬT
422,44,446,44,446,72,422,72,TỰ,
