119,37,384,37,384,199,119,199,NĂNG
406,48,703,48,703,224,406,224,LƯỢNG
723,34,1024,34,1024,194,723,194,THÔNG
1045,63,1297,63,1297,196,1045,196,MINH
1314,38,1513,38,1513,223,1314,223,VIỆT
1536,58,1756,58,1756,192,1536,192,NAM
180,289,319,289,319,369,180,369,ĐC:
342,284,577,284,577,366,342,366,106/67
594,293,747,293,747,378,594,378,ngõ
760,281,916,281,916,369,760,369,Gốc
935,284,1061,284,1061,373,935,373,Đề,
1085,284,1323,284,1323,377,1085,377,đường
1338,291,1519,291,1519,363,1338,363,Minh
1536,291,1709,291,1709,367,1536,367,Khai
207,399,265,399,265,472,207,472,P.
280,391,530,391,530,487,280,487,Hoàng
546,399,693,399,693,474,546,474,Văn
710,401,856,401,856,486,710,486,Thụ,
879,402,967,402,967,475,879,475,Q.
977,396,1225,396,1225,486,977,486,Hoàng
1243,399,1407,399,1407,479,1243,479,Mai,
1422,399,1534,399,1534,474,1422,474,Hà
1546,399,1675,399,1675,485,1546,485,Nội
