24,210,123,210,123,252,24,252,TUYỂN
126,213,204,213,204,241,126,241,SINH
204,201,272,201,272,235,204,235,CAO
273,195,350,195,350,230,273,230,HỌC,
360,196,477,183,476,218,364,224,8/2010
22,257,129,249,133,272,20,282,Ngành:
135,247,217,242,221,262,139,272,CÔNG
221,241,307,232,310,259,220,264,NGHỆ
318,231,420,225,422,248,318,255,THÔNG
429,226,482,221,485,247,427,248,TIN
20,282,129,276,131,296,14,309,Ngành:
140,268,221,262,220,291,138,295,QUẢN
225,268,275,264,276,291,225,293,TRỊ
277,263,357,256,361,283,276,289,KINH
361,254,477,250,480,275,363,281,DOANH
13,304,60,304,61,324,15,325,Chi
64,299,115,301,114,325,64,325,tiết
119,306,182,304,179,319,122,323,xem
184,297,238,292,239,318,181,322,tại:
241,293,479,278,481,298,239,313,www.lhu.edu.vn
8,329,163,321,163,349,8,357,061.3951924
191,323,489,307,490,332,191,349,email:tannv@lhu.edu.vn
