210,10,316,10,316,34,210,34,SHOWROOM
318,14,349,14,349,33,318,33,KHU
351,12,387,12,387,34,351,34,VƯC
388,11,421,11,421,34,388,34,BÌNH
425,10,475,10,475,34,425,34,CHÁNH
109,43,131,43,131,64,109,64,ĐỊA
135,40,158,40,158,61,135,61,CHỈ:
161,44,194,44,194,61,161,61,924
195,40,246,40,246,61,195,61,NGUYỄN
249,43,280,43,280,64,249,64,CỬU
283,43,314,43,314,65,283,65,PHÚ,
313,44,334,44,334,63,313,63,XÃ
336,45,362,45,362,64,336,64,TÂN
364,46,395,46,395,66,364,66,KIÊN,
397,44,439,44,439,67,397,67,HUYỆN
441,44,471,44,471,65,441,65,BÌNH
474,45,522,45,522,64,474,64,CHÁNH.
523,46,544,46,544,65,523,65,TP.
544,47,575,47,575,66,544,66,HCM
