178,6,209,6,209,29,178,29,MANG
209,7,225,7,225,29,209,29,VŨ
226,6,251,6,251,32,226,32,KHÍ,
252,9,271,9,271,34,252,34,VẬT
273,7,301,7,301,35,273,35,LIỆU
302,7,324,7,324,36,302,36,NỔ,
326,3,355,3,355,38,326,38,CHẤT
356,7,375,7,375,38,356,38,DỄ
377,13,415,13,415,41,377,41,CHÁY,
416,11,447,11,447,40,416,40,CHẤT
175,35,200,35,200,63,175,63,ĐỘC
199,38,220,38,220,63,199,63,HẠI
221,37,245,37,245,62,221,62,VÀO
248,41,270,41,270,63,248,63,KHU
272,41,296,41,296,67,272,67,VỰC
297,40,329,40,329,69,297,69,CẤM.
