103,54,262,72,264,157,94,141,MẦM
281,102,417,113,417,180,278,164,NON
435,124,563,137,561,197,436,182,CAO
582,118,697,131,699,210,577,198,CẤP
15,133,299,164,288,325,10,302,ĐỒ
322,190,546,212,545,354,313,333,RÊ
568,221,792,232,783,372,574,354,MÍ
7,330,59,336,55,373,4,369,ĐOÀI
60,355,69,355,69,363,60,363,-
70,340,101,338,103,378,68,374,XÃ
113,342,167,344,168,384,110,379,HOÀN
179,349,222,353,222,386,178,384,SƠN
226,370,236,370,236,377,226,377,-
238,353,299,360,303,401,236,393,HUYỆN
309,359,348,363,351,400,310,397,TIÊN
358,362,382,366,385,402,359,402,DU
385,380,394,380,394,394,385,394,-
397,364,431,363,432,405,393,404,BẮC
436,372,484,378,485,408,439,408,NINH
533,380,678,391,679,426,532,416,ĐT:0969.585.685
693,395,809,405,808,436,692,424,0984.43.83.86
683,403,690,403,690,420,683,420,-
