170,21,231,21,231,52,170,52,PHỤC
235,23,267,23,267,50,235,50,VỤ
273,22,318,22,318,50,273,50,CÁC
320,22,371,22,371,53,320,53,MÓN
376,20,418,20,418,49,376,49,LẨU
419,39,433,39,433,47,419,47,-
436,25,504,25,504,53,436,53,NƯỚNG
507,42,519,42,519,47,507,47,-
521,25,555,25,555,54,521,54,HẢI
560,27,598,27,598,57,560,57,SẢN
161,54,221,54,221,81,161,81,Nhận
225,55,267,55,267,81,225,81,Đặt:
272,56,314,56,314,83,272,83,Tiệc
318,56,364,56,364,82,318,82,Cưới
369,57,406,57,406,85,369,85,Hỏi,
412,58,451,58,451,81,412,81,Liên
456,60,505,60,505,85,456,85,Hoan,
510,61,546,61,546,82,510,82,Sinh
551,62,606,62,606,87,551,87,Nhật...
