47,7,81,7,81,38,47,38,NHIỆT
83,8,105,8,105,37,83,37,LIỆT
109,7,138,7,138,33,109,33,CHÀO
141,7,175,7,175,34,141,34,MỪNG
177,9,199,9,199,35,177,35,QUÝ
201,11,213,11,213,37,201,37,VỊ
215,11,233,11,233,37,215,37,ĐẠI
234,3,260,3,260,33,234,33,BIỂU
261,5,275,5,275,32,261,32,VỀ
278,10,295,10,295,35,278,35,DỰ
295,7,314,7,314,36,295,36,HỘI
316,9,332,9,332,32,316,32,THI
332,3,356,3,356,30,332,30,"EM
358,6,379,6,379,31,358,31,YÊU
380,1,408,1,408,29,380,29,BIỂN
409,0,432,0,432,28,409,28,ĐẢO
433,3,455,3,455,30,433,30,QUÊ
458,1,496,1,496,26,458,26,HƯƠNG"
