0,20,67,20,67,101,0,101,NÓI
74,18,225,18,225,98,74,98,KHÔNG
234,13,310,13,310,98,234,98,VỚI
315,8,392,8,392,100,315,100,HẢI
403,5,497,5,497,99,403,99,SẢN
509,6,633,6,633,105,509,105,CHẾT,
645,25,764,25,764,110,645,110,THỰC
776,5,912,5,912,95,776,95,PHẨM
922,13,1086,13,1086,95,922,95,KHÔNG
1098,20,1167,20,1167,94,1098,94,AN
1174,11,1310,11,1310,93,1174,93,TOÀN
4,135,159,135,159,206,4,206,THỰC
168,132,294,132,294,200,168,200,ĐƠN
298,125,409,125,409,200,298,200,MỚI
420,127,518,127,518,205,420,205,TỪ:
529,122,632,122,632,211,529,211,GÀ,
640,134,777,134,777,210,640,210,LỢN,
786,122,885,122,885,205,786,205,DÊ,
895,124,996,124,996,206,895,206,BÒ,
1006,123,1093,123,1093,194,1006,194,CÁ
1105,118,1316,118,1316,199,1105,199,SÔNG...
