1,19,21,19,21,36,1,36,TỔ
25,22,55,22,55,37,25,37,DÂN
59,22,92,22,92,39,59,39,PHỐ
93,25,112,25,112,40,93,40,20,
116,22,174,22,174,40,116,40,PHƯỜNG
176,23,207,23,207,41,176,41,KIẾN
209,27,253,27,253,45,209,45,HƯNG,
256,28,297,28,297,45,256,45,QUẬN
299,28,321,28,321,45,299,45,HÀ
323,30,370,30,370,47,323,47,ĐÔNG,
374,28,423,28,423,46,374,46,THÀNH
425,30,457,30,457,46,425,46,PHỐ
460,30,484,30,484,48,460,48,HÀ
485,33,512,33,512,51,485,51,NỘI
568,37,595,37,595,53,568,53,ĐT:
597,35,688,35,688,53,597,53,0246371280
