231,9,698,72,715,161,177,113,KHÁNH
745,64,956,100,988,184,743,162,LINH
114,140,263,151,265,187,104,176,NHÀ
408,162,539,167,541,204,408,203,MẪU
547,173,654,183,659,218,554,211,CHUYÊN
852,197,999,209,1003,241,856,232,NGHIỆP
142,198,195,202,188,223,140,220,347
198,200,238,203,237,227,198,225,BÙI
245,204,306,209,308,229,243,228,ĐÌNH
312,206,365,209,372,237,316,232,TÚY
605,224,638,228,644,251,609,250,ĐT:
366,209,423,214,430,242,376,234,P.24,
427,216,487,218,490,241,438,242,Q.BT,
491,216,572,220,576,247,496,244,TP.HCM
638,227,743,232,750,254,643,251,0937005137
666,189,846,199,851,231,666,215,CHUYÊN
89,196,135,196,135,221,85,215,ĐC:
278,156,397,166,399,205,278,191,TẠO
