191,434,213,434,213,446,191,446,CHƯ
215,434,236,434,236,447,215,447,TĂNG
240,434,250,434,250,446,240,446,NI
248,432,272,432,272,446,248,446,CHÙA
274,433,302,433,302,446,274,446,ĐỒNG
326,431,355,431,355,446,326,446,HUYỆN
355,432,373,432,373,445,355,445,CẦN
373,431,398,431,398,445,373,445,ĐƯỚC
299,432,318,432,318,446,299,446,LÂM
179,446,246,446,246,482,179,482,VIẾNG
248,447,310,447,310,483,248,483,THĂM
313,446,369,446,369,481,313,481,LĂNG
369,447,414,447,414,479,369,479,BÁC
258,530,334,530,334,547,258,547,51B-401.07
320,437,324,437,324,441,320,441,-
