185,151,529,111,533,226,182,265,HÙNG
560,93,939,44,948,199,572,241,THỊNH
52,318,213,298,221,362,55,379,CHUYÊN
225,297,314,287,318,356,231,363,BÁN
325,285,449,270,451,339,332,354,BUÔN
460,298,477,299,478,318,462,322,-
488,271,586,258,589,324,491,333,BÁN
597,250,651,243,658,315,601,322,LẺ
666,249,736,239,744,308,669,317,TÚI
751,267,769,262,774,285,754,290,-
783,229,882,219,883,296,783,308,XỐP
900,227,1014,212,1020,282,904,294,SIÊU
1029,215,1113,205,1120,275,1036,285,THỊ
72,400,312,381,328,521,72,521,HD
345,439,407,431,410,475,345,480,-
440,366,689,342,696,488,442,511,PP
721,406,792,399,794,443,723,450,-
833,328,1096,298,1110,452,838,476,PE
